#	 omega_b	 omega_cdm	 H0	 n_s	 A_s	 tau_reio	 A_cib_217	 xi_sz_cib	 A_sz	 ps_A_100_100	 ps_A_143_143	 ps_A_143_217	 ps_A_217_217	 ksz_norm	 gal545_A_100	 gal545_A_143	 gal545_A_143_217	 gal545_A_217	 galf_TE_A_100	 galf_TE_A_100_143	 galf_TE_A_100_217	 galf_TE_A_143	 galf_TE_A_143_217	 galf_TE_A_217	 calib_100T	 calib_217T	 A_planck	 M	 age	 rs_rec	 100*theta_s	 sigma8	 Omega_m	 Omega_Lambda	 -logLike	 Planck_highl_TTTEEE	 Planck_lowl_EE	 Planck_lowl_TT	 Planck_lensing	 bao_smallz_2014	 bao_fs_boss_dr12	 Pantheon	 Total
	 0.02244223	 0.1193559	 67.70679	 0.9683381	 2.109805e-09	 0.0567247	 46.88769	 0.4987838	 7.092235	 251.253	 50.37433	 50.78978	 121.8612	 0.01244515	 8.919351	 11.00279	 19.94977	 95.23773	 0.1137693	 0.1337396	 0.4775419	 0.2240008	 0.6638382	 2.080746	 0.9997281	 0.998192	 1.000794	 -19.41715	 13.78174	 144.6312	 1.041941	 0.8109269	 0.3107237	 0.6891973	 1904.74	 2347.6085861677716	 396.5113245488386	 22.860285777420472	 8.841822975193756	 1.2166836456354497	 6.548554043180646	 1025.9116268947948	 3809.498884052835
	 0.02242898	 0.1195745	 67.60679	 0.9676832	 2.106538e-09	 0.05565983	 46.7606	 0.5388434	 7.10484	 252.3378	 51.03812	 52.11108	 122.4226	 0.0259633	 8.855985	 11.07697	 20.03022	 95.42775	 0.111929	 0.1335694	 0.4813621	 0.226191	 0.6667204	 2.083127	 0.9996995	 0.9981962	 1.000835	 -19.4195	 13.78507	 144.5854	 1.041911	 0.8108604	 0.3120929	 0.6878278	 1904.76	 2347.5509498699894	 396.27954554079474	 22.95183741668086	 8.819092407535404	 1.139353669085432	 6.810506413308406	 1025.9820782537863	 3809.5333635711804
	 0.02239805	 0.1197722	 67.50679000000001	 0.9671325	 2.107312e-09	 0.0557429	 47.85632	 0.4005775	 7.198892	 252.4736	 49.41583	 48.67525	 120.6144	 0.008451162	 8.877039	 10.99491	 19.79635	 94.92115	 0.1129242	 0.1344581	 0.4843808	 0.2267538	 0.6707032	 2.082811	 0.9997019	 0.9982004	 1.000778	 -19.42236	 13.78946	 144.5588	 1.041905	 0.811623	 0.3133842	 0.6865363	 1904.82	 2347.2605025744033	 396.34665497956166	 23.050098329759805	 8.77684962326969	 1.0748561231609892	 7.0840303669376965	 1026.0527820425184	 3809.6457740396118
	 0.02238373	 0.1199807	 67.40679000000002	 0.9666322	 2.106257e-09	 0.05543684	 47.9331	 0.3804657	 7.228522	 252.6852	 48.94067	 48.24464	 120.6912	 0.003501124	 8.919296	 10.9125	 19.64029	 94.58181	 0.114378	 0.1345229	 0.4815495	 0.2250822	 0.6641309	 2.076561	 0.9997038	 0.99819	 1.000627	 -19.42503	 13.79312	 144.5165	 1.041866	 0.8119837	 0.3147421	 0.6851782	 1904.93	 2347.151920588906	 396.2682152653252	 23.134042756655106	 8.756697282011036	 1.0095175252241668	 7.429362255000678	 1026.1361094074068	 3809.8858650805287
	 0.02235821	 0.1201814	 67.30679000000002	 0.9656895	 2.102062e-09	 0.05414124	 48.70189	 0.3171185	 7.231592	 253.7917	 48.61381	 46.91287	 119.8195	 0.02570523	 8.898291	 11.04165	 19.62825	 94.46962	 0.1143884	 0.1353087	 0.4793053	 0.2269799	 0.667344	 2.08149	 0.9996785	 0.9982235	 1.000714	 -19.42763	 13.79731	 144.4851	 1.041848	 0.8116395	 0.3160646	 0.6838555	 1905.11	 2347.207706455246	 396.03235021204375	 23.28093826279536	 8.758932060603412	 0.9532623262998254	 7.782933096129142	 1026.223277762365	 3810.239400175482
	 0.0223334	 0.1203842	 67.20679000000003	 0.9651104	 2.101325e-09	 0.05401107	 48.95392	 0.2675357	 7.258434	 254.526	 48.42731	 45.91403	 119.5728	 0.01140389	 8.936265	 10.97958	 19.48446	 94.22875	 0.1144346	 0.1361101	 0.4789178	 0.2258832	 0.6640628	 2.083106	 0.9996884	 0.9981982	 1.000507	 -19.43031	 13.80143	 144.4525	 1.04183	 0.812073	 0.3174	 0.6825198	 1905.36	 2347.165292743964	 396.03831853203513	 23.38607282409845	 8.755817621708685	 0.9017966105740373	 8.182907703251063	 1026.3189606439064	 3810.7491666795377
	 0.0223091	 0.1205908	 67.10679000000003	 0.9649629	 2.101415e-09	 0.05392416	 48.52763	 0.2606729	 7.363274	 253.8274	 47.8738	 45.64545	 119.9535	 0.01215139	 8.84676	 11.08509	 19.82823	 94.96759	 0.11339	 0.1345391	 0.4869748	 0.2292795	 0.668496	 2.106421	 0.9996941	 0.9982289	 1.000435	 -19.43258	 13.80544	 144.4187	 1.041814	 0.812807	 0.3187515	 0.6811681	 1905.68	 2347.258030907576	 396.03273412779726	 23.40368614810086	 8.773394383988817	 0.8551645657950888	 8.626070030476374	 1026.4250932975606	 3811.374173461295
	 0.02229066	 0.1207974	 67.00679000000004	 0.9642979	 2.101361e-09	 0.05382046	 49.22175	 0.2193027	 7.229523	 255.1628	 48.11848	 44.89551	 119.0928	 0.008279499	 8.868866	 11.06664	 19.53486	 94.4295	 0.1132394	 0.1347456	 0.4794734	 0.2240716	 0.6658279	 2.094079	 0.9996564	 0.9982261	 1.000315	 -19.43535	 13.8093	 144.3803	 1.041781	 0.8133137	 0.3201227	 0.6797967	 1906.05	 2347.2707934937976	 396.03273412779726	 23.538874532708178	 8.794925725249255	 0.8125906149051783	 9.125540647091103	 1026.5341983041717	 3812.10965744572
	 0.0222721	 0.1210228	 66.90679000000004	 0.9637114	 2.094293e-09	 0.05190759	 49.54518	 0.1519994	 7.291729	 256.091	 47.17996	 43.00416	 118.6228	 0.01177413	 8.84109	 10.99135	 19.5084	 94.35344	 0.1150774	 0.133997	 0.480547	 0.2255107	 0.666659	 2.090087	 0.9996846	 0.9982056	 1.000311	 -19.43816	 13.81266	 144.3372	 1.041769	 0.8125629	 0.3215424	 0.6783767	 1906.49	 2347.673207231689	 395.80017071890603	 23.59859778046342	 8.812454581241314	 0.7749161418669908	 9.666778332439756	 1026.657249005605	 3812.9833737922113
	 0.02225267	 0.1212535	 66.80679000000005	 0.9627975	 2.094761e-09	 0.05176597	 49.85109	 0.1176647	 7.379079	 256.7658	 47.05624	 42.3033	 118.2447	 0.01894136	 8.902408	 11.05536	 19.60064	 94.47773	 0.1136086	 0.1351972	 0.4837579	 0.2261361	 0.6715363	 2.100002	 0.9996794	 0.9982213	 1.000298	 -19.44079	 13.81592	 144.2936	 1.041763	 0.8131951	 0.322979	 0.6769398	 1907.0	 2347.750350846625	 395.81049804114537	 23.80248922860511	 8.850496007737489	 0.7429744721921085	 10.25759957356249	 1026.789989202482	 3814.00439737235
	 0.0222319	 0.1214409	 66.70679000000005	 0.9624655	 2.094316e-09	 0.05168212	 50.3284	 0.1015392	 7.297812	 257.3859	 46.98629	 41.8883	 117.5805	 0.0166234	 8.837448	 11.08136	 19.38289	 93.92037	 0.1125822	 0.134645	 0.480063	 0.2268003	 0.6724104	 2.111156	 0.9996638	 0.9982035	 1.000127	 -19.44373	 13.8204	 144.262	 1.041715	 0.8136487	 0.3243226	 0.675596	 1907.56	 2348.047151835239	 395.80035322896606	 23.861379229763315	 8.90456917178959	 0.7178535069103267	 10.86683634081332	 1026.928414646056	 3815.126557959538
	 0.02220749	 0.1216424	 66.60679000000006	 0.9620008	 2.095059e-09	 0.05153212	 50.22473	 0.1099981	 7.314859	 257.4774	 47.37553	 42.45787	 118.0819	 0.003411183	 8.7826	 11.02817	 19.4151	 94.04776	 0.1137868	 0.1339652	 0.4827438	 0.2260111	 0.6696928	 2.113664	 0.9996582	 0.9982335	 1.000228	 -19.44607	 13.8246	 144.2298	 1.041692	 0.8143722	 0.3256963	 0.6742221	 1908.18	 2348.3409865014255	 395.81412753666285	 23.959487878061793	 8.993273394638965	 0.6980622016873813	 11.50842203430673	 1027.061486444239	 3816.3758459910223
	 0.0221908	 0.121874	 66.50679000000007	 0.9613919	 2.095473e-09	 0.05125243	 50.34631	 0.08048509	 7.377654	 257.498	 46.85289	 41.74893	 118.0699	 0.001556649	 8.952863	 11.05241	 19.45702	 94.04705	 0.1129442	 0.1340933	 0.4798982	 0.2282043	 0.6689653	 2.102461	 0.9996724	 0.9982167	 1.00035	 -19.44845	 13.82779	 144.1839	 1.041678	 0.8150612	 0.3271623	 0.6727558	 1908.88	 2348.630931032285	 395.80056440635593	 24.092185446745987	 9.105923520941172	 0.6826811823328849	 12.237875471094629	 1027.2210426979445	 3817.7712037577003
	 0.0221653	 0.1220559	 66.40679000000007	 0.9608311	 2.08993e-09	 0.04999004	 50.94522	 0.007360177	 7.34946	 259.1041	 46.22347	 39.70859	 116.9353	 0.02459895	 8.873661	 11.09776	 19.42323	 94.03245	 0.1144506	 0.1364824	 0.4773912	 0.2293252	 0.6736354	 2.119369	 0.9996498	 0.9982427	 1.000144	 -19.45125	 13.83257	 144.1576	 1.041636	 0.8144506	 0.3285031	 0.6714148	 1909.61	 2349.259655025138	 395.71816906676537	 24.163690757994686	 9.112026352323292	 0.6738282611156836	 12.941030163060335	 1027.3708231165533	 3819.239222742951
	 0.02214266	 0.122272	 66.30679000000008	 0.9602975	 2.090312e-09	 0.04982083	 50.79048	 0.03021516	 7.317939	 258.7638	 46.93102	 40.59622	 117.4871	 0.003639345	 8.909884	 11.07506	 19.45704	 94.02548	 0.1145889	 0.1347461	 0.4819161	 0.2276401	 0.6722573	 2.11282	 0.9996553	 0.9982209	 1.000151	 -19.45401	 13.83635	 144.1203	 1.041621	 0.8151217	 0.3299348	 0.6699828	 1910.42	 2349.6890853787586	 395.71080769651616	 24.28637110243801	 9.245675844569595	 0.6699335557521966	 13.71881761245772	 1027.5397001463675	 3820.8603913368597
	 0.0221185	 0.1225024	 66.20679000000008	 0.9598443	 2.088791e-09	 0.04939456	 51.05972	 0.01348432	 7.417375	 259.475	 46.88207	 40.38063	 117.1357	 0.0236311	 8.920304	 11.07456	 19.5148	 94.1952	 0.114831	 0.1345892	 0.4843779	 0.228046	 0.6714877	 2.126967	 0.9996622	 0.9982323	 1.000042	 -19.45651	 13.83981	 144.0807	 1.041625	 0.8155108	 0.3314027	 0.6685147	 1911.3	 2350.2683327585264	 395.69938518026265	 24.36380762430406	 9.349421810785115	 0.6716010820910467	 14.537532075495857	 1027.7207219817612	 3822.610802513227
	 0.02209342	 0.1226752	 66.10679000000009	 0.9597308	 2.086166e-09	 0.04852504	 50.58156	 0.009497129	 7.410219	 258.8813	 46.93527	 40.52407	 117.8989	 0.01680179	 8.788905	 11.04168	 19.40733	 94.29436	 0.1149038	 0.1356204	 0.4798843	 0.2281095	 0.6703982	 2.12213	 0.9996443	 0.9982096	 1.000155	 -19.45916	 13.84485	 144.0565	 1.041571	 0.8155496	 0.3327442	 0.6671729	 1912.24	 2351.112217064435	 395.68443992294897	 24.34093492823513	 9.429791414314671	 0.6782296039434258	 15.357801391388454	 1027.8933153175817	 3824.496729642847
	 0.02207532	 0.1229094	 66.0067900000001	 0.9591551	 2.086266e-09	 0.04833608	 51.07633	 0.005991209	 7.361998	 260.3115	 46.96921	 40.44318	 117.435	 0.0332505	 8.903526	 11.01174	 19.3832	 94.00742	 0.1167256	 0.1353765	 0.479721	 0.2302563	 0.6761857	 2.121398	 0.9996861	 0.9982441	 1.000087	 -19.46184	 13.84806	 144.0113	 1.041561	 0.816186	 0.334249	 0.6656679	 1913.26	 2351.6448968785107	 395.70506970869707	 24.478432346082002	 9.614323684932412	 0.6912508563054368	 16.294747187015837	 1028.0934512072195	 3826.522171868763
	 0.0220557	 0.123098	 65.9067900000001	 0.9585334	 2.08235e-09	 0.04743213	 50.93177	 0.0006201836	 7.345711	 260.353	 47.40099	 40.44857	 117.501	 0.04564287	 8.794219	 11.13665	 19.60232	 94.42198	 0.1152257	 0.1351665	 0.484263	 0.2298179	 0.6731548	 2.125498	 0.999623	 0.9982461	 0.9998811	 -19.46431	 13.85255	 143.9789	 1.041508	 0.8158403	 0.3356531	 0.6642635	 1914.34	 2352.4662945534783	 395.72765082050023	 24.587948037513115	 9.660222207466306	 0.7091669286316746	 17.237117172648663	 1028.2922745210346	 3828.6806742412728
	 0.02202875	 0.1233324	 65.8067900000001	 0.9582347	 2.079945e-09	 0.04643258	 51.0127	 0.01376784	 7.359724	 259.0074	 47.49657	 41.02297	 117.8874	 0.01698905	 8.981164	 11.03923	 19.37592	 93.96243	 0.1163435	 0.1353312	 0.4803336	 0.2309914	 0.672686	 2.126659	 0.9996341	 0.99821	 1.000003	 -19.46737	 13.85601	 143.9406	 1.041521	 0.8161187	 0.3371531	 0.6627633	 1915.48	 2353.3030969809874	 395.771537221715	 24.63181782036588	 9.814107404443067	 0.7328633485318143	 18.208481963427616	 1028.5040415907847	 3830.965946330255
	 0.02201694	 0.1235516	 65.70679000000011	 0.9576352	 2.079726e-09	 0.04634767	 50.95022	 0.0003658558	 7.444486	 259.1426	 47.40978	 40.9119	 117.9804	 0.003857815	 8.939793	 11.0756	 19.45478	 94.12717	 0.1163083	 0.135977	 0.4826703	 0.2317871	 0.6706443	 2.126086	 0.9996504	 0.9982273	 0.9997994	 -19.4698	 13.85948	 143.8945	 1.041477	 0.8165699	 0.3386605	 0.6612556	 1916.68	 2353.992671725173	 395.77869498895717	 24.777337601703664	 10.013146639449054	 0.7638558797028947	 19.306008625455853	 1028.7280259283107	 3833.3597413887524
	 0.02199123	 0.1237689	 65.60679000000012	 0.9567935	 2.080195e-09	 0.04621776	 51.20533	 0.003799254	 7.334308	 260.2119	 48.58845	 41.24141	 117.6777	 0.02751747	 8.918109	 11.05567	 19.57499	 94.2572	 0.1155959	 0.1366337	 0.4839096	 0.2297974	 0.6760674	 2.138038	 0.9996531	 0.998225	 0.9997666	 -19.4726	 13.86339	 143.8597	 1.041468	 0.8171616	 0.3401388	 0.6597771	 1917.95	 2354.7631106615027	 395.7823390940052	 24.993671181897582	 10.259793268336184	 0.798589320701613	 20.35715464767738	 1028.9555469555773	 3835.9102051296977
	 0.02197382	 0.1240085	 65.50679000000012	 0.956355	 2.077681e-09	 0.04547814	 51.44332	 0.004105637	 7.419361	 261.3899	 48.47089	 41.44015	 117.7741	 0.0003164442	 8.874087	 11.17572	 19.61126	 94.02044	 0.1159832	 0.1357718	 0.4851779	 0.2290556	 0.6761173	 2.139691	 0.9996466	 0.9982232	 0.9996911	 -19.47535	 13.86649	 143.8129	 1.041459	 0.8173215	 0.3416959	 0.6582197	 1919.27	 2355.668189946114	 395.8362763349144	 25.0677719407023	 10.409375777541602	 0.8414276774177201	 21.524385128994297	 1029.2050037649533	 3838.552430570638
	 0.02195544	 0.1242212	 65.40679000000013	 0.9562751	 2.076641e-09	 0.04501827	 51.14809	 0.00998089	 7.256762	 260.8343	 48.37532	 41.357	 118.053	 0.07251429	 8.880825	 11.12343	 19.49471	 94.0046	 0.1136281	 0.1355943	 0.4811728	 0.2323473	 0.6740018	 2.139321	 0.9996453	 0.9982088	 0.9996941	 -19.47782	 13.87034	 143.7737	 1.041424	 0.8177704	 0.3431956	 0.6567197	 1920.68	 2356.7237041907674	 395.88571080908633	 25.060679134045643	 10.642275059910075	 0.8889371723609307	 22.708652509139124	 1029.4506307346528	 3841.360589609962
	 0.02193161	 0.1244036	 65.30679000000013	 0.9558506	 2.074325e-09	 0.04424346	 51.15805	 0.009479182	 7.360453	 261.2017	 48.60957	 41.80228	 118.312	 0.005975246	 8.902251	 11.18442	 19.54165	 94.08088	 0.1160421	 0.1348464	 0.484668	 0.2303228	 0.675861	 2.138514	 0.9996329	 0.9982058	 0.9997771	 -19.48076	 13.87517	 143.7463	 1.041373	 0.8177731	 0.3446194	 0.6552957	 1922.15	 2357.924651419364	 395.98977843162675	 25.123287396386445	 10.77359606058947	 0.9393183165673805	 23.873103729543157	 1029.6941106261415	 3844.3178459802193
	 0.02191638	 0.1246566	 65.20679000000014	 0.9548126	 2.07447e-09	 0.04372856	 51.44969	 3.926743e-05	 7.426739	 260.8969	 48.83448	 41.72605	 118.2287	 0.005590436	 8.82779	 11.1246	 19.6939	 94.28156	 0.1151801	 0.1363683	 0.4793199	 0.230859	 0.6779305	 2.142573	 0.999637	 0.9982424	 0.9999311	 -19.48319	 13.87788	 143.6946	 1.04137	 0.8183025	 0.3462363	 0.6536786	 1923.7	 2358.636799103097	 396.0648410619715	 25.399217322933566	 11.12396616761306	 1.0015124405237699	 25.20257474017452	 1029.9746871639431	 3847.4035980002564
	 0.02189705	 0.1248649	 65.10679000000015	 0.9545462	 2.072789e-09	 0.04346835	 51.39873	 0.005180558	 7.365426	 261.8505	 49.10866	 41.82846	 118.1211	 0.02918895	 8.857651	 11.13187	 19.69612	 94.32284	 0.1151858	 0.1352667	 0.4846597	 0.2309587	 0.678253	 2.148945	 0.9996306	 0.9982669	 0.9996298	 -19.48591	 13.88191	 143.6574	 1.041332	 0.8185443	 0.3477465	 0.6521681	 1925.3	 2359.9341715685687	 396.09452421378916	 25.44104728206503	 11.329861618034615	 1.0660833214856733	 26.509129340373434	 1030.2466764057303	 3850.6214937500467
	 0.02187238	 0.1250663	 65.00679000000015	 0.9539972	 2.072092e-09	 0.0432504	 51.50566	 0.001066924	 7.27493	 262.1694	 49.42234	 42.02641	 118.2265	 0.0931439	 8.985334	 11.13357	 19.53482	 94.0302	 0.1151165	 0.1355619	 0.4837134	 0.2322641	 0.6756853	 2.143888	 0.9996095	 0.998252	 0.9994955	 -19.48857	 13.88628	 143.626	 1.041301	 0.8188984	 0.3492354	 0.6506789	 1926.98	 2361.228178884005	 396.12924269418676	 25.566453251755604	 11.589650974102975	 1.13420988132097	 27.80937760376556	 1030.5222258599952	 3853.979339149132
