#	 omega_b	 omega_cdm	 H0	 n_s	 A_s	 tau_reio	 A_cib_217	 xi_sz_cib	 A_sz	 ps_A_100_100	 ps_A_143_143	 ps_A_143_217	 ps_A_217_217	 ksz_norm	 gal545_A_100	 gal545_A_143	 gal545_A_143_217	 gal545_A_217	 galf_TE_A_100	 galf_TE_A_100_143	 galf_TE_A_100_217	 galf_TE_A_143	 galf_TE_A_143_217	 galf_TE_A_217	 calib_100T	 calib_217T	 A_planck	 M	 age	 rs_rec	 100*theta_s	 sigma8	 Omega_m	 Omega_Lambda	 -logLike	 Planck_highl_TTTEEE	 Planck_lowl_EE	 Planck_lowl_TT	 Planck_lensing	 bao_smallz_2014	 bao_fs_boss_dr12	 Pantheon	 Total
	 0.02244223	 0.1193559	 67.70679	 0.9683381	 2.109805e-09	 0.0567247	 46.88769	 0.4987838	 7.092235	 251.253	 50.37433	 50.78978	 121.8612	 0.01244515	 8.919351	 11.00279	 19.94977	 95.23773	 0.1137693	 0.1337396	 0.4775419	 0.2240008	 0.6638382	 2.080746	 0.9997281	 0.998192	 1.000794	 -19.41715	 13.78174	 144.6312	 1.041941	 0.8109269	 0.3107237	 0.6891973	 1904.74	 2347.6085861677716	 396.5113245488386	 22.860285777420472	 8.841822975193756	 1.2166836456354497	 6.548554043180646	 1025.9116268947948	 3809.498884052835
	 0.02246547	 0.1191615	 67.80678999999999	 0.9687552	 2.112681e-09	 0.05744995	 46.84385	 0.5309109	 7.164806	 250.8474	 50.37951	 51.69936	 122.0231	 0.001026157	 8.847917	 11.03824	 19.8909	 95.09198	 0.1129108	 0.1335362	 0.4777312	 0.2233571	 0.6640221	 2.079084	 0.999718	 0.998187	 1.000931	 -19.41446	 13.77748	 144.663	 1.04197	 0.8108806	 0.3094356	 0.6904857	 1904.78	 2347.7474159738767	 396.65999182729036	 22.81496634282871	 8.860109845537558	 1.2938898844470934	 6.346154672373256	 1025.8528228752402	 3809.575351421594
	 0.02248993	 0.1189471	 67.90678999999999	 0.9692681	 2.115729e-09	 0.05853074	 46.80798	 0.5450457	 7.146962	 250.9709	 50.46201	 51.72174	 121.9012	 0.01928749	 8.868034	 11.00985	 20.01295	 95.27843	 0.1134501	 0.1349793	 0.4818023	 0.2266245	 0.6630258	 2.072911	 0.9997214	 0.9982102	 1.000842	 -19.41204	 13.77375	 144.699	 1.041974	 0.8107967	 0.3081131	 0.6918084	 1904.89	 2347.8493699385153	 396.9280108627323	 22.75401368516856	 8.891168676183588	 1.3773177430964765	 6.181871121364537	 1025.802232904327	 3809.7839849313877
	 0.02250936	 0.1187471	 68.00678999999998	 0.9698292	 2.116422e-09	 0.05876932	 46.60262	 0.5706791	 7.145338	 250.9866	 50.66204	 52.31258	 122.259	 0.008595631	 8.85026	 11.06301	 20.02973	 95.28629	 0.1119293	 0.1351655	 0.4802601	 0.2253882	 0.6626194	 2.064739	 0.9997289	 0.9981926	 1.000953	 -19.40927	 13.76977	 144.7353	 1.042006	 0.8103681	 0.3068171	 0.6931046	 1905.05	 2348.2550719297246	 396.9522817482385	 22.66433838989508	 8.96362104263724	 1.4667937895748826	 6.048730730880061	 1025.7545481779268	 3810.105385808877
	 0.02251555	 0.1185128	 68.10678999999998	 0.9699196	 2.115388e-09	 0.05884965	 47.45781	 0.409116	 7.192288	 251.7211	 48.46772	 48.13342	 120.4775	 0.0154504	 8.893463	 10.98227	 19.74147	 95.00915	 0.1138971	 0.1346786	 0.4823893	 0.2243416	 0.6626532	 2.068449	 0.9996983	 0.9981937	 1.000939	 -19.40672	 13.76709	 144.791	 1.042037	 0.8093962	 0.305425	 0.6944969	 1905.29	 2348.639607760326	 396.9580408697422	 22.64907794039135	 9.115950915566007	 1.5710880489473988	 5.9410148353490095	 1025.7135434922252	 3810.5883238625465
	 0.02254662	 0.1183486	 68.20678999999997	 0.9708714	 2.118256e-09	 0.0597985	 46.35891	 0.5958021	 7.188769	 248.6526	 50.27132	 52.80616	 122.406	 0.004910205	 8.710445	 10.9595	 19.90128	 95.17906	 0.113512	 0.1332232	 0.4817739	 0.2221185	 0.6578742	 2.060311	 0.999729	 0.9982255	 1.000764	 -19.404	 13.76184	 144.8089	 1.042075	 0.8095774	 0.3042441	 0.6956781	 1905.57	 2349.0205967588795	 397.2300860892746	 22.517781570196178	 9.143568892463263	 1.662076534582846	 5.9022913958028145	 1025.684457581398	 3811.1608588225977
	 0.02256988	 0.1181572	 68.30678999999996	 0.9711461	 2.120519e-09	 0.0602753	 46.0908	 0.5877331	 7.15977	 249.6184	 50.29739	 52.14815	 122.2679	 0.0153204	 8.95611	 10.94715	 20.03937	 95.56276	 0.1143979	 0.135098	 0.4800775	 0.2228156	 0.6617279	 2.062389	 0.9997756	 0.9981648	 1.000971	 -19.40134	 13.75755	 144.8402	 1.042104	 0.809362	 0.3029934	 0.6969289	 1905.91	 2349.4674780886417	 397.3630132056255	 22.49772247296545	 9.197190537360369	 1.764301687632832	 5.891857516913264	 1025.6602201484934	 3811.8417836576323
	 0.02259394	 0.1179354	 68.40678999999996	 0.9716971	 2.123994e-09	 0.06139915	 45.92942	 0.6279838	 7.196821	 248.4844	 50.4855	 53.15446	 122.6504	 0.0005440772	 8.846905	 10.93624	 20.08954	 95.50039	 0.1124388	 0.1349054	 0.4802752	 0.2236716	 0.6585293	 2.049375	 0.9997558	 0.9981655	 1.0009	 -19.39881	 13.75408	 144.8787	 1.042099	 0.8093176	 0.3016856	 0.698237	 1906.3	 2349.78355792531	 397.7069958820464	 22.436561465355112	 9.244264485802775	 1.874449086539625	 5.923931985714227	 1025.6417019231872	 3812.6114627539555
	 0.02261806	 0.1177379	 68.50678999999995	 0.9724888	 2.123942e-09	 0.06150514	 45.45784	 0.6968557	 7.027218	 248.0239	 51.25651	 54.53487	 123.3017	 0.00181145	 8.805765	 10.95188	 20.01371	 95.53371	 0.1125511	 0.1350348	 0.4789877	 0.224284	 0.66247	 2.065046	 0.9997342	 0.9981934	 1.000991	 -19.39626	 13.74995	 144.9109	 1.042118	 0.8087796	 0.3004362	 0.6994867	 1906.76	 2350.5355425946073	 397.69304813461315	 22.30177720330306	 9.39176071180307	 1.98680882562762	 5.985429996298758	 1025.6309845146925	 3813.5253519809453
	 0.02263766	 0.1175577	 68.60678999999995	 0.972905	 2.123989e-09	 0.06164356	 45.21966	 0.7190575	 7.073256	 246.7749	 51.12663	 54.8388	 123.3059	 0.01594184	 8.844102	 10.96776	 20.15548	 95.74669	 0.1139585	 0.1346007	 0.4826514	 0.2199608	 0.6598839	 2.060587	 0.9997534	 0.998174	 1.000992	 -19.3935	 13.74549	 144.9421	 1.042168	 0.8082477	 0.2992198	 0.7007032	 1907.27	 2351.254782290806	 397.7082247966271	 22.24551856040256	 9.533616510397048	 2.1046210375387324	 6.083698884565824	 1025.6260045180134	 3814.556466598351
	 0.02265646	 0.1173206	 68.70678999999994	 0.9734498	 2.127277e-09	 0.06274567	 45.11223	 0.719783	 7.114881	 247.3653	 50.96038	 55.00546	 123.583	 0.02408348	 8.869837	 11.004	 20.03948	 95.55158	 0.1120853	 0.133446	 0.4785482	 0.2201478	 0.6592993	 2.054633	 0.9997649	 0.9981549	 1.000979	 -19.39097	 13.74261	 144.9889	 1.042159	 0.808118	 0.2978869	 0.7020364	 1907.85	 2351.7061177571336	 398.1034555848867	 22.174917429462994	 9.633161476228478	 2.2352489883539883	 6.236712711982523	 1025.6278778191067	 3815.717491767155
	 0.0226806	 0.1171378	 68.80678999999994	 0.9741421	 2.129765e-09	 0.06335462	 45.07799	 0.7254094	 7.08328	 247.5565	 50.79331	 54.76841	 123.3773	 0.01002271	 8.87699	 10.9584	 20.11891	 95.7756	 0.1130318	 0.1340262	 0.4823889	 0.219886	 0.6571613	 2.033231	 0.9997467	 0.99819	 1.001162	 -19.38833	 13.73811	 145.0174	 1.042193	 0.8080857	 0.2966867	 0.7032368	 1908.45	 2352.422216435561	 398.2688192079472	 22.07793615995206	 9.732827882762324	 2.360634002350782	 6.416263590190679	 1025.6361167937155	 3816.914814072479
	 0.02270112	 0.1169472	 68.90678999999993	 0.9744992	 2.132594e-09	 0.06403636	 44.51817	 0.8141583	 7.070972	 247.0715	 52.00791	 56.97063	 124.3254	 0.003904489	 8.814651	 11.01609	 20.32478	 96.09032	 0.1145631	 0.1329911	 0.4789783	 0.2187743	 0.6544447	 2.044509	 0.9997701	 0.9981831	 1.001262	 -19.38588	 13.73393	 145.0508	 1.042227	 0.8079985	 0.2954678	 0.7044559	 1909.13	 2353.1436790435882	 398.50000415959596	 22.052445658598174	 9.791903815285197	 2.494246218267434	 6.637527866134538	 1025.6512118383207	 3818.2710185997903
	 0.02272545	 0.1167535	 69.00678999999992	 0.9752926	 2.136245e-09	 0.06509286	 44.68531	 0.8146581	 7.108186	 244.9144	 51.01918	 56.37601	 123.8245	 0.005653916	 8.82528	 11.06651	 20.3088	 95.8667	 0.1129495	 0.1346825	 0.4813653	 0.2207147	 0.6581335	 2.048963	 0.9997315	 0.9981826	 1.001292	 -19.38308	 13.72974	 145.082	 1.042248	 0.8081589	 0.2942566	 0.7056674	 1909.85	 2353.806778014011	 398.8938914774077	 21.948353115826478	 9.864046091286575	 2.630624137701546	 6.896494838707963	 1025.6715925317392	 3819.7117802066805
	 0.02275661	 0.1165614	 69.10678999999992	 0.9759028	 2.135647e-09	 0.06518236	 43.95255	 0.8952041	 6.985114	 244.9523	 51.95916	 58.18996	 124.9038	 0.002154434	 8.806322	 10.92132	 20.10867	 95.77548	 0.1118462	 0.1337504	 0.4806443	 0.2198666	 0.6558826	 2.042725	 0.9997777	 0.9981583	 1.001208	 -19.38051	 13.72533	 145.1074	 1.042252	 0.8074173	 0.2930685	 0.7068557	 1910.65	 2354.863996828192	 398.8897509692778	 21.860561949456837	 10.065184517020217	 2.7665524944254574	 7.165695574667252	 1025.6976147545256	 3821.309357087565
	 0.02277005	 0.1163539	 69.20678999999991	 0.976107	 2.137863e-09	 0.06584601	 44.06701	 0.8925482	 7.066353	 244.0686	 51.99725	 58.17548	 124.793	 0.002537029	 8.895427	 11.02223	 20.30404	 95.87084	 0.1122203	 0.1331351	 0.4825114	 0.2193187	 0.6561848	 2.030777	 0.9997489	 0.9981433	 1.001309	 -19.37801	 13.72184	 145.151	 1.042286	 0.8071244	 0.2918171	 0.7081073	 1911.49	 2355.610391981807	 399.149426353759	 21.84602705701616	 10.226783803734069	 2.922528561504428	 7.5135006298104265	 1025.7317330075937	 3823.000391395225
	 0.02278723	 0.1161448	 69.3067899999999	 0.97682	 2.137589e-09	 0.06592476	 43.77716	 0.9250294	 7.046179	 243.4945	 51.99815	 58.53104	 124.7899	 0.02889935	 8.816879	 10.90401	 20.33578	 96.18924	 0.1130077	 0.1333985	 0.4832156	 0.2184899	 0.6564866	 2.039897	 0.9997614	 0.9981824	 1.001337	 -19.37552	 13.71829	 145.192	 1.042308	 0.8064834	 0.290576	 0.7093486	 1912.39	 2356.7433873491195	 399.1201116486735	 21.739250422646535	 10.461611950890292	 3.081282893201284	 7.8901972940879475	 1025.7729173325188	 3824.8087588911376
	 0.0228025	 0.115922	 69.4067899999999	 0.977251	 2.143135e-09	 0.06724632	 43.54128	 0.9195168	 6.97242	 245.119	 52.15158	 58.44473	 125.2972	 0.008240409	 8.971047	 11.04204	 20.36265	 96.30717	 0.1130647	 0.1330834	 0.4793607	 0.2191311	 0.6537256	 2.039783	 0.9997828	 0.9981512	 1.001572	 -19.37288	 13.71519	 145.2382	 1.042319	 0.8067966	 0.2893084	 0.7106164	 1913.35	 2357.417843558408	 399.68564960761	 21.70881002471367	 10.489456241301182	 3.24920075996619	 8.333709017818695	 1025.8207400395288	 3826.7054092493463
	 0.02281745	 0.1157075	 69.5067899999999	 0.9780573	 2.149032e-09	 0.06892165	 43.62633	 0.9721104	 7.043723	 242.164	 52.194	 59.46858	 125.0463	 0.005333094	 8.7241	 10.92063	 20.33254	 96.01071	 0.1132162	 0.1350731	 0.4792635	 0.2213153	 0.6567554	 2.02558	 0.9997781	 0.9981575	 1.001534	 -19.37033	 13.71187	 145.2825	 1.04234	 0.8073251	 0.2880636	 0.7118615	 1914.33	 2358.0358861680434	 400.39725338590927	 21.628810149627213	 10.496925870369523	 3.4214722049865696	 8.821428740624992	 1025.875099752529	 3828.6768762720894
	 0.02285242	 0.1155704	 69.60678999999989	 0.978476	 2.148667e-09	 0.06904737	 43.40037	 0.9929462	 7.005995	 242.7875	 52.25701	 59.54711	 125.1181	 0.009387599	 8.912975	 10.99353	 20.36378	 96.04795	 0.1109411	 0.1347881	 0.4826743	 0.2185334	 0.6527215	 2.021281	 0.9997701	 0.9981478	 1.0014	 -19.36763	 13.7059	 145.2907	 1.042391	 0.8067774	 0.2870257	 0.7128995	 1915.38	 2359.3436133555533	 400.3924934101996	 21.585561805890848	 10.710200803575844	 3.5682332680079543	 9.237979893418999	 1025.9256100275118	 3830.763692564158
	 0.02287221	 0.1153589	 69.70678999999988	 0.9789482	 2.153357e-09	 0.07029078	 43.11861	 0.9878256	 7.077995	 242.4221	 51.95625	 59.56337	 125.3093	 0.007439608	 8.820368	 10.92536	 20.37941	 96.33307	 0.113095	 0.1348253	 0.4811134	 0.2170332	 0.6537758	 2.0283	 0.9997657	 0.9981547	 1.001492	 -19.36504	 13.70239	 145.3305	 1.042401	 0.8069477	 0.2858082	 0.7141172	 1916.5	 2360.1879180862334	 400.98413930258215	 21.552550385481027	 10.771721506394053	 3.745544392877207	 9.779283238722211	 1025.9910319347691	 3833.012188847059
	 0.02289079	 0.1151704	 69.80678999999988	 0.9792617	 2.15647e-09	 0.07138393	 43.6502	 0.9294011	 7.042066	 243.1808	 51.0002	 57.95318	 124.4632	 0.007657927	 8.796007	 11.01062	 20.22047	 95.86227	 0.1125073	 0.1346676	 0.4814701	 0.2194049	 0.6556803	 2.038753	 0.9997847	 0.9981427	 1.001313	 -19.36255	 13.6983	 145.3652	 1.04244	 0.8068819	 0.2846413	 0.7152844	 1917.67	 2361.086631066648	 401.5004131851139	 21.54531737577588	 10.89429200674497	 3.9246709877041592	 10.346802107494542	 1026.0596566652316	 3835.357783394713
	 0.02290846	 0.1149473	 69.90678999999987	 0.9799804	 2.156628e-09	 0.0716497	 43.25229	 0.9947113	 7.082757	 242.3108	 51.44075	 59.44169	 124.8544	 0.0164581	 8.857598	 10.92993	 20.32312	 96.11055	 0.1116246	 0.1333327	 0.4776615	 0.2164169	 0.6524145	 2.037821	 0.9998296	 0.9981573	 1.001368	 -19.36002	 13.69518	 145.4098	 1.042441	 0.8062314	 0.2834071	 0.7165188	 1918.89	 2362.3425371340495	 401.58822269817847	 21.44497331921326	 11.211163366736978	 4.116205419752536	 10.962940303354038	 1026.139018858913	 3837.8050611001977
